-0.161096
-0.128455
-0.105056
-0.0762746
-0.00972995
-0.105175
0.101118
-0.0318528
-0.0751651
0.0234322
0.0358674
-0.0319579
0.101355
0.0529507
0.0925255
0.000351448
0.0463827
-0.00645058
-0.0403754
-0.0570752
0.104021
0.0186761
-0.0228868
-0.113283
0.0534149
-0.00277778
-0.0195813
0.0554231
0.0786682
0.0242074
0.0488947
0.0929258
0.0039056
0.00873707
0.0932683
0.0877735
-0.0452126
-0.0605424
-0.0879385
-0.0193752
0.0046614
0.113095
-0.0922349
0.0479344
0.00748336
0.01661
0.0316437
0.0189857
-0.0131535
-0.0761167
-0.0264853
-0.0230969
0.0248443
0.0623485
-0.0170564
-0.0097456
-0.00996609
-0.0372054
0.0227902
0.0573944
0.0633314
0.138409
0.00101648
-0.0545166
0.108874
0.0136353
0.152255
-0.0913307
-0.0300004
0.0893107
0.0655082
-0.123597
-0.0340413
-0.0562523
0.0291926
0.00369773
0.110699
-0.0669166
0.014841
-0.0133046
-0.0501989
-0.0067377
0.00140427
0.0484198
0.0590819
-0.0782481
0.0987064
0.0504657
0.00778089
-0.0204902
0.0159144
-0.0257735
-0.00960479
0.0800011
0.0102066
-0.136805
-0.0331507
0.0349383
-0.0364899
-0.0136524
0.0369748
0.0285441
0.114816
-0.0299463
0.0611204
-0.042502
0.0749303
0.0185089
-0.00288172
0.0343527
0.0520135
-0.0313721
-0.0928702
-0.0506014
-0.0289679
-0.0373352
-0.00792562
-0.0766756
0.0625827
-0.00947416
0.0117002
0.0148811
0.0282427
0.00235438
0.0263835
0.00834895
-0.0348759
0.0568589
0.0126644
-0.058255
-0.0620147
0.0112741
-0.0590309
-0.0432499
-0.00542497
0.0354722
-0.0446111
0.151359
0.0530613
0.0261701
0.00294397
0.0544937
-0.00780525
0.0209636
-0.0405173
0.0587127
-0.128776
-0.028216
0.00549088
-0.0403642
-0.040163
0.102998
-0.0382145
-0.0287563
-0.0126535
-0.0500248
0.0155754
0.0502163
0.0704477
0.0642335
0.0285925
-0.105611
0.0228055
-0.013894
0.0872347
0.122284
0.0239693
-0.0765737
-0.0340081
-0.0254746
0.0783222
-0.0815639
-0.0418425
-0.0295839
0.102362
0.0358157
-0.013191
-0.0469674
-0.0131531
0.105564
-0.07071
0.0255218
0.0230533
-0.0880251
0.0552342
-0.0279685
-0.0174028
0.0598613
0.0307974
-0.103387
-0.04479
0.0697654
-0.0720421
-0.162034
0.0244395
-0.0425409
-0.0799926
0.0656915
-0.129451
0.0384936
-0.0369981
-0.039111
-0.0172593
-0.0693159
0.00361231
0.0361377
0.0693726
-0.00641474
0.017171
0.0521513
0.032057
-0.0207887
0.0451045
0.0528145
0.0293511
0.179778
-0.104268
-0.0527999
0.0396105
-0.00333114
0.0227964
-0.0391256
0.00481884
0.0232663
0.0659551
-0.00889292
0.0155488
0.00492377
0.0360156
-0.0249325
0.0217783
-0.0642869
0.00723281
-0.0433109
-0.0258078
0.0839135
-0.027421
-0.00460508
0.0196713
0.0581543
-0.0402074
0.0391205
-0.0385466
0.105878
0.0159245
0.0429508
0.0752091
0.0281088
0.0740556
-0.030852
-0.0577008
0.0599258
0.0194571
0.0625413
0.00725412
-0.0241401
0.0710128
-0.0501889
-0.0441473
-0.000208458
0.110909
0.00647847
-0.00985438
-0.114417
-0.049049
0.0731595
0.0262
-0.100028
0.0568996
-0.110456
0.00905577
0.003236
-0.0289853
-0.0191987
0.0790245
-0.0417581
-0.0358089
-0.0318645
0.00488347
-0.0212258
-0.00599405
-0.131253
-0.107366
0.0435678
0.00372187
-0.0692883
0.0596885
0.0429718
0.143608
0.0588655
0.00604472
0.00767233
0.0736133
0.0175515
-0.0997566
0.00960753
0.0605675
-0.041483
-0.0498672
0.0305425
0.0705433
-0.0167852
-0.0775875
0.0348432
0.0101738
-0.0551315
0.0487447
0.0201845
-0.000950307
-0.0165906
-0.0178023
0.0575479
0.0148223
-0.0569631
0.0719657
0.0402054
0.0735761
0.0351638
0.0306028
-0.0289644
0.0204338
0.125789
-0.0712809
0.0199871
-0.021854
-0.0776979
0.00314338
-0.0240274
0.0192345
-0.048408
-0.0184371
0.111856
-0.0793961
0.0535145
-0.0449166
-0.0239957
0.0334542
0.0678555
-0.0077439
0.0220979
0.102512
-0.0151799
-0.0216988
0.0433326
-0.00893088
0.0114357
0.0733072
-0.0337165
0.00302923
-0.0923757
-0.0998909
-0.0412959
-0.0353176
0.0107462
0.0385815
0.0238841
0.0224198
-0.0966775
0.0145995
0.102531
-0.00705706
0.0335608
-0.025094
0.103311
0.0543402
0.0208381
-0.0177044
0.0353042
0.0547931
0.004297
-0.00733473
0.0235756
0.103461
0.0802424
-0.0153289
-0.0290122
0.0343786
-0.029912
-0.0524371
0.0358861
0.0563427
0.00819388
-0.00726447
0.0736089
0.0680443
0.0973937
0.0323417
-0.0777942
0.115199
-0.013354
0.00277001
-0.0344892
0.00106391
-0.0236954
-0.0755753
-0.0653721
0.0965042
-0.146326
0.038672
0.106201
0.0589903
-0.0816001
0.0483823
0.177816
-0.037202
0.121084
-0.00584969
-0.0909294
0.0752318
0.0586867
-0.0160251
-0.0424135
0.0804048
0.0334719
0.0783865
0.0402768
0.0704222
0.0358585
0.00242342
-0.1092
0.00460391
-0.0299479
-0.0128727
-0.0699284
-0.0590449
-0.00629166
-0.0124589
-0.0266816
-0.0151605
-0.0731382
-0.0145704
-0.0165978
0.0365114
0.0993332
-0.0593343
-0.0124287
0.0389838
-0.0148114
-0.0358398
0.0357537
-0.0169088
0.105533
0.0346171
0.0679501
0.0726475
0.0294552
0.0597575
-0.0638492
0.10539
0.0481915
-0.0476401
-0.000124195
-0.0383105
-0.00635552
0.0268727
-0.0188078
0.0227925
-0.0752442
-0.0051484
0.0142629
0.0180542
0.0126847
0.0688579
-0.0495294
0.0967591
0.00597832
-0.0570083
-0.042978
0.0642479
-0.0250618
0.0705659
-0.0204039
0.0283752
0.000665975
0.00266
0.161458
0.103821
0.0577227
-0.0395378
0.00457682
-0.0496269
-0.0197854
-0.00649005
-0.0280622
0.0364001
-0.0211743
-0.0741054
-0.0173455
0.029135
0.0015605
0.096366
0.14163
0.0382807
-0.0463311
0.0487206
-0.0489227
-0.0385342
-0.0596838
0.0106919
-0.118479
0.0157644
-0.0682458
-0.0790201
-0.0652141
0.077251
0.0689549
0.0563926
0.0327975
0.0218264
0.0522203
0.0532211
0.0715359
0.0131493
-0.034881
0.0496502
-0.0647321
-0.0344483
0.0384822
0.0897182
0.127078
0.128253
0.0397132
0.0543262
0.0396241
0.0125371
0.0542442
-0.0793074
0.035807
-0.0108679
0.0430504
0.0403322
0.0299658
0.0113605
0.0218271
0.0298443
-0.0649081
0.0968465
0.038351
-0.0410591
-0.0629395
-0.0240928
-0.11116
-0.024665
-0.0121799
-0.0129908
-0.0271976
0.00417319
-0.0689631
-0.0540884
0.0128605
-0.0146285
0.0226831
-0.0124027
-0.0514967
-0.00638814
-0.0310917
-0.0531264
0.0264734
0.00770177
-0.123616
-0.0242498
0.0322223
0.0653783
0.122419
-0.0164331
-0.0942842
0.0663423
-0.0139863
0.0756221
0.0302017
0.0275899
-0.00318324
-0.0207889
0.0558428
0.00814757
-0.0165168
0.028804
-0.017738
0.00509518
-0.0468639
-0.107362
-0.118756
0.0239818
0.0424639
-0.0301205
0.0227202
-0.0549026
-0.0221251
0.0557672
-0.00617511
-0.0276786
0.0131737
0.0531321
-0.0354179
-0.0334802
-0.048707
0.045082
-0.0720502
0.0646581
-0.00760776
-0.0144593
0.0341166
-0.0245941
-0.0463612
0.0166495
0.16814
0.175688
0.134531
0.0801765
-0.060938
0.0398148
-0.0166764
-0.0045619
-0.106219
-0.0735303
-0.0563373
0.0632906
-0.0444543
-0.102534
0.0547894
0.0248729
0.0203319
0.0197308
-0.0159554
0.0482634
0.108186
0.00221931
-0.0188897
0.0646455
0.0214395
0.0249654
-0.0240905
0.0221651
-0.0505347
0.0815317
0.0647449
-0.126674
-0.0110224
-0.0427285
0.0809176
0.0889495
0.0330533
-0.0114492
0.0448793
0.0912545
0.00898896
0.00905271
-0.0540902
-0.0820176
0.00921183
-0.035727
-0.0530683
-0.0271784
-0.0618411
0.00951835
0.00375619
-0.0244066
0.0434221
-0.0454944
-0.00175603
-0.0111
0.0658851
0.00775729
0.108908
0.0414502
0.0121348
0.0592228
0.0142987
0.00433857
-0.0092171
-0.0149035
-0.16489
-0.13932
-0.0767306
0.0079704
-0.018925
0.0655749
0.00671778
0.109459
0.00847261
0.0651342
-0.0368902
0.0158543
-0.0151098
0.0736594
0.0233301
-0.0266432
-0.0285761
-0.0472067
-0.099884
0.073003
0.0133427
0.00289731
0.0505789
0.0185863
-0.04009
-0.110306
-0.0253116
-0.00835614
-0.00128372
0.00355961
0.022837
-0.0581698
0.0305525
0.0579892
0.0109883
-0.00811654
-0.0407436
-0.0626118
-0.0659298
-0.0317154
-0.0143374
0.0273487
0.00315676
0.0538563
-0.00752294
-0.0112455
-0.0304176
-0.026558
0.0316674
-0.0134439
0.0190923
-0.012074
-0.148362
-0.0478438
-0.0330889
0.0470698
-0.00989208
0.00315095
0.101771
-0.0319599
-0.0348288
-0.00029809
-0.0100436
-0.0175717
-0.0226528
0.0407825
-0.0609764
-0.0707363
-0.0042291
0.094414
0.0262127
-0.00564849
-0.0401655
-0.0197629
-0.0323823
0.031679
-0.107498
0.01345
0.00476904
-0.0273989
-0.0712422
-0.0125488
-0.0614277
-0.0474884
0.00294493
-0.017857
0.0249358
0.0187882
-0.0657486
-0.0409193
0.00190332
-0.14329
0.02077
-0.0878077
0.0106484
-0.042654
-0.0485724
-0.082793
-0.0961975
0.0785065
-0.00111662
0.032542
-0.0256709
-0.139495
0.0690697
0.0289809
-0.0525002
-0.00440472
-0.0134497
-0.034371
-0.0281101
0.010024
-0.0758401
-0.0527566
-0.0737349
0.00310167
0.0292538
0.0735522
-0.029165
-0.0421248
0.0893198
-0.125189
-0.149482
-0.117276
0.0492015
0.00490488
-0.0308741
-0.00959892
0.0668643
-0.0624847
0.0217604
-0.0625678
-0.0177054
-0.0319348
-0.0511709
-0.0573778
0.0545112
0.0267936
-0.0191782
-0.0217613
0.0283089
0.0626692
0.0473486
0.0997676
0.0463077
-0.0712759
-0.0638239
0.0104774
0.0471815
0.0677608
-0.0176918
0.118805
0.010367
0.121539
-0.0245554
-0.0810961
0.0602479
0.0307901
0.0622845
0.140296
-0.0649211
-0.0820609
-0.0616898
0.04393
-0.0249548
0.0766344
0.00238179
-0.00108999
0.0895246
0.0183618
-0.0218381
0.000225884
0.036152
-0.079369
0.0294196
0.013341
-0.000902435
-0.0547098
-0.00258343
0.112257
0.0172481
0.0435187
-0.052619
-0.0372037
-0.0864598
-0.0700277
-0.108855
0.0654663
0.0184655
-0.0459187
-0.0091899
-0.00622723
0.0602872
0.0498535
0.00537841
0.0322193
-0.00478531
0.0382169
-0.0289336
0.0424717
0.0614915
0.0460671
-0.00938664
-0.0221769
-0.0431194
-0.0283673
-0.0595469
-0.0390669
-0.0606993
-0.0249288
-0.00502696
0.0916732
0.128527
-0.0103785
0.0449762
0.00217958
-0.0489728
-0.038188
-0.0516197
0.0138583
-0.139281
0.0493764
-0.0489309
0.00677375
0.110346
0.0195455
-0.0180431
-0.080397
-0.0352311
-0.0693828
0.00631591
0.0416617
-0.0239289
-0.0638468
-0.00489977
-0.0392843
0.0582222
-0.0498698
0.0653886
-0.05723
-0.00317587
0.0169416
0.0222627
0.00673283
-0.033228
-0.011504
-0.0522064
-0.0259874
0.0470908
0.0242106
0.00996714
0.0686311
0.00970438
0.020054
-0.0098244
0.00801849
0.0217238
-0.0453882
-0.103894
0.0644371
-0.0104699
0.00835469
-0.0131884
0.0296777
-0.0294134
-0.0190475
-0.0757564
-0.0383328
0.0441812
-0.0234212
-0.115359
-0.0323938
0.139645
-0.017582
0.0492793
-0.137529
0.0909678
0.00779865
0.0102504
-0.134999
0.0396941
0.0877563
-0.01711
0.0332692
0.0176298
0.00870326
0.070079
0.022469
-0.015933
-0.0891762
-0.0515191
-0.0252151
0.0169011
0.0542043
0.0778419
0.0244054
-0.0523193
-0.0584714
0.00417342
0.126599
0.0464914
-0.0427681
-0.07457
-0.0266268
-0.0727181
0.0555934
-0.113669
0.0418114
0.0358972
-0.0184663
-0.0458031
0.00294391
-0.134862
-0.0743971
-0.0678101
-0.0648306
-0.087736
-0.0146028
-0.063295
-0.0218322
-0.0376984
0.018794
-0.0741811
-0.0135351
-0.0202496
-0.0193947
0.0585298
0.0174668
0.0281327
-0.0697579
-0.0680866
-0.0292179
-0.081896
-0.0150611
-0.0602712
-0.0742389
0.0249828
0.0403837
0.0113774
0.0176804
0.0127323
0.105831
0.0656811
0.0365892
-0.00563399
0.0948201
-0.0106028
0.0178044
0.0215568
0.00254747
0.0844821
-0.0280984
-0.00828746
-0.0162849
-0.0642706
0.0224011
0.0260056
0.00504147
0.113732
0.093013
-0.00600035
0.085687
-0.007708
-0.085033
-0.0466303
0.072787
-0.0340176
0.0417831
0.0353965
-0.123937
-0.0560616
-0.0174561
-0.114598
-0.0514151
-0.0545898
-0.000682916
-0.0382084
0.0726732
0.0870569
0.0078961
0.0223937
-0.0038103
0.14171
-0.116619
0.0411181
-0.0778487
0.131017
0.0989102
0.00531278
0.0574451
0.124248
-0.0117431
-0.0176276
0.0622408
0.0403611
0.00847408
-0.00154174
0.046895
0.0253895
-0.016725
-0.0591577
-0.0797276
-0.127728
-0.0451089
0.0501553
0.0047213
-0.00835747
0.00972338
0.0298017
0.0461065
-0.0499543
-0.05561
0.0174755
0.0288334
0.0774979
-0.0548741
-0.0729624
0.0884908
-0.0274474
0.0448986
-0.0178844
-0.0751241
-0.0318346
0.032471
0.0393708
0.102399
0.0434418
-0.0634134
-0.0235393
-0.0469756
0.0496816
0.00508056
0.0417754
0.0307018
-0.0923127
0.0555926
0.0580728
0.0886043
-0.0322953
0.0686574
-0.0196979
0.00253976
-0.0532885
0.0696423
0.13785
-0.0015042
0.0107345
-0.0415136
-0.014169
0.0290203
0.0163523
0.133163
-0.0203233
0.049098
0.0378497
0.0777307
-0.0701398
-0.0100553
-0.0232545
-0.0739233
-0.0222184
-0.0374482
0.00615695
-0.0572741
0.0260329
0.0510726
0.116467
0.0472909
0.0404748
-0.0702714
-0.059415
0.0654253
0.114902
-0.0726653
-0.0115029
0.110532
-0.0143474
-0.026161
-0.0382258
-0.0287367
-0.034625
-0.0857895
-0.0635892
-0.0555679
-0.11807
-0.0467844
-0.037494
0.00492223
-0.014019
0.0310809
0.00322073
0.0327044
-0.0484636
-0.0669414
0.0141405
0.0358369
0.00810668
0.0368766
-0.0474224
-0.022439
-0.0573892
-0.0322114
-0.0368797
-0.0471455
-0.0597148
-0.0116013
-0.00376563
0.0378676
-0.00404092
-0.0111381
-0.0768751
0.0825168
-0.00425444
0.0775249
0.0431311
-0.0413376
-0.0572054
0.069707
-0.0380037
-0.0646246
-0.0777975
0.0272801
-0.0148407
-0.0230775
0.0196229
0.0252971
0.0583948
-0.0337417
-0.0548849
0.0137011
0.0816152
0.0500845
0.033575
0.0367956
0.0388217
0.0326801
-0.0276589
-0.0104963
-0.0334134
-0.0546918
0.0253549
0.0473272
0.0191088
-0.060851
-0.0906611
0.0110977
-0.0435401
0.00408141
-0.00351129
0.0607209
-0.0431436
-0.0591928
-0.0456662
0.078543
0.0235926
-0.0111064
-0.0108518
0.0155857
-0.0682071
0.00402073
-0.0538174
0.0206448
0.0178852
0.08381
-0.0343868
0.0695265
0.0165175
-0.0322604
0.0998892
-0.030136
-0.018244
-0.0181543
-0.00955741
-0.0931009
0.0078905
0.0238384
-0.0686198
0.0108993
-0.0474071
-0.0448527
0.0368158
0.05599
0.0357244
0.175519
0.0709299
0.0893528
0.0847574
0.0586076
0.0336827
-0.0229047
0.0187127
0.0267611
-0.0122905
-0.039945
-0.0398615
0.104586
-0.0192002
0.0125283
0.0254093
-0.0277773
0.0165175
-0.00947753
-0.0185439
0.025028
-0.0511563
-0.000924496
0.0221668
0.00451012
-0.0386587
0.00811449
-0.0370562
-0.115149
-0.031281
-0.0437963
-0.124141
-0.0293464
-0.0447073
-0.00901281
-0.0217699
0.0352659
0.0228116
0.0779745
-0.00917762
-0.0917558
0.00399505
0.0168937
0.0700208
0.0632936
-0.0670405
-0.074976
-0.104763
0.0650482
-0.00897315
-0.0104925
0.0489541
-0.0157223
-0.0489002
-0.0559538
0.026052
-0.054069
0.0169398
-0.0739354
0.0396108
0.0774712
-0.0468894
0.00344037
0.0220908
0.0464144
-0.0515493
0.0607015
-0.0748234
-0.040334
0.0146872
-0.0545768
-0.0343649
0.0424033
0.0558761
-0.0057824
0.0651855
0.00411254
-0.0294252
0.13682
-0.00121258
0.0565614
-0.0669852
-0.017042
-0.0443223
0.0558839
0.0141585
0.0777283
-0.0512721
0.0510663
0.0543291
-0.050642
0.0281144
-0.00350325
0.00770882
-0.116958
0.04843
0.134064
0.044394
-0.0552791
0.00804549
0.0842416
0.0330308
0.0762755
0.0170298
0.0377265
-0.0363344
-0.0650877
-0.0541873
0.047495
0.0736757
0.0289063
-0.0367581
-0.110733
0.0316511
-0.0295199
-0.0323655
0.00494928
-0.0388039
-0.113469
-0.0279425
0.0700111
-0.0293271
0.0285388
-0.0706693
-0.0118506
0.000257694
0.0165513
0.0256108
-0.0114307
0.0292149
0.0731135
0.0646865
0.0290623
-0.0519005
0.0682538
-0.0279713
-0.0625613
-0.0263415
-0.0430122
-0.0602035
0.0735375
-0.0790451
-0.101048
0.0239367
0.123004
0.0098669
0.000594339
-0.0399596
-0.013682
-0.0214167
-0.0303887
0.0641426
0.0169098
-0.0693102
0.000208827
-0.0111406
0.0592933
0.0584532
-0.0108583
-0.0020583
0.0520267
-0.0212905
0.0133056
0.0401087
-0.0732427
0.030568
-0.0123184
0.0776578
0.0402857
-0.0342665
0.0283751
-0.0298225
-0.0139973
-0.0047138
0.0532277
-0.0383972
0.0733667
0.0350589
-0.0578749
-0.0476871
-0.0354142
-0.0260788
0.00918232
-0.0191308
-0.09184
-0.00816212
0.0359236
-0.0120157
0.00291603
-0.0376112
-0.106504
0.0208735
0.101504
0.0460425
0.0106575
-0.0415283
-0.0646267
-0.0397249
-0.00764636
0.0208555
-0.000576435
-0.0123931
-0.0945518
0.00273756
-0.0233082
-0.123268
-0.0523209
-0.0170203
-0.0679799
0.071759
-0.0703953
-0.0265253
0.0457808
-0.131837
-0.0541204
-0.053883
-0.0583489
0.00368928
0.0515128
-0.0415975
-0.15176
-0.0537543
0.0460604
-0.0155282
-0.0286085
0.00385484
-0.0298667
0.0383729
-0.0273906
-0.0834568
0.00865679
-0.0365832
0.0418678
-0.0658288
-0.0201164
-0.103952
-0.00855501
0.0127345
-0.0717195
-0.0425392
-0.0384814
-0.011095
0.0412451
-0.0975007
-0.0296251
0.0442029
-0.0308592
0.0119163
0.0278556
-0.0740725
-0.0593364
0.0814552
0.041282
0.0280231
0.0367202
-0.0774371
-0.0585379
-0.0320065
-0.104708
-0.0735787
-0.0298237
-0.0364824
0.028585
0.0737131
0.0616053
-0.0648389
0.00231564
-0.036455
-0.0592629
0.083874
-0.0559811
-0.0185704
-0.0473537
0.0540289
-0.130701
0.0304013
0.0356082
0.0444707
0.0827028
-0.0354024
0.096474
0.0682555
0.0475701
-0.113495
0.00639889
0.00157891
0.029366
0.037648
-0.00630942
-0.0631874
-0.0540422
0.112251
0.0050587
0.0621997
0.122367
0.0678907
-0.0460358
0.0704663
0.150532
-0.0320931
0.139954
0.0706453
0.0937285
0.102749
0.0746306
-0.00748217
0.0328601
0.0558696
-0.142679
0.023212
0.0942897
-0.072919
-0.0110204
0.0267315
0.038838
0.147247
0.0554979
0.0811981
-0.0114567
0.0317134
0.00417481
-0.0434833
0.00942005
-0.0517955
-0.0504291
0.0325845
0.0927494
0.0582779
0.011539
-0.0429044
0.0265281
-0.01371
-0.00615726
0.0553874
-0.0276778
-0.00786171
0.0447392
0.113487
0.0270621
-0.0340077
-0.00744317
-0.00114702
-0.0768357
0.035718
-0.023628
-0.071432
0.0870732
0.0407934
-0.042535
0.0795752
0.0684291
0.0922798
-0.00777754
0.0605104
-0.0247222
0.0121787
-0.0410992
-0.0748005
-0.0590568
-0.0307891
0.023649
0.0368387
-0.00589219
-0.0506456
-0.0437414
0.000205304
0.01633
0.0173584
0.00246667
0.0986193
0.0169648
-0.0416296
0.0619622
-0.0814736
-0.0160185
0.123493
-0.0906648
0.073174
0.0291592
0.028141
0.0335087
0.00966559
0.0473887
0.156616
-0.0220986
-0.00800391
0.0920058
0.0641096
0.0376858
0.0847125
-0.0710355
-0.0903203
0.0064497
-0.0197783
0.0167897
0.0329797
0.0224479
0.152099
0.115523
-0.0256219
0.0434343
-0.0268808
0.0385003
-0.0504874
0.00476937
0.0503985
0.00730444
-0.0379823
-0.0519949
-0.0708576
0.0778084
0.110953
-0.00255737
-0.00616576
0.0307267
-0.00821753
0.0436558
0.0509611
0.00516486
0.015724
-0.0805125
-0.0699398
-0.018454
-0.0404882
-0.064895
-0.0109997
0.0429693
0.0464525
-0.0837137
-0.0118525
-0.0360544
-0.0713072
0.0947405
-0.0514077
-0.0153139
0.0162978
0.069946
0.000470826
0.0089895
0.0205084
0.0109339
-0.00591231
-0.0268078
0.0141919
-0.00670372
0.0304183
0.00535059
0.0419836
-0.0366437
-0.0247115
0.00899201
-0.0141114
-0.00249902
-0.0851329
-0.0025713
0.0818831
-0.123853
0.0352284
0.0174321
0.0984336
-0.0294684
0.0019672
-0.150605
-0.0108259
0.00335926
-0.0425136
0.057756
-0.0248028
0.17325
0.0683036
0.130606
-0.0107044
0.0526188
0.00709124
0.0351595
0.0142403
-0.00996971
-0.0175286
-0.0289878
-0.0154549
-0.0297422
0.00626543
0.121496
0.0077219
0.0766151
-0.0158562
-0.00979434
0.0393635
-0.0284734
0.0106279
0.051003
0.0520396
-0.058579
-0.0465767
-0.031489
0.00659143
0.031038
0.0396553
-0.0959558
-0.146608
-0.0455905
0.0377778
-0.0650241
-0.0415538
0.0413369
-0.0467379
0.0105294
0.0141251
-0.0421665
-0.0208954
-0.0101864
-0.0416006
-0.076611
0.0377145
-0.038562
-0.156125
0.00746056
-0.00865932
-0.0435212
-0.0292145
-0.0226238
0.0574146
0.122317
0.0787536
-0.00647745
0.0114603
0.0229232
-0.026837
-0.0286075
-0.00060086
-0.00910273
-0.0519841
-0.0897712
-0.0425285
0.0469231
-0.0428677
-0.0845439
-0.0703846
-0.0138737
-0.0639281
0.0243983
0.0778167
0.0356059
-0.0105045
-0.166264
-0.0342477
-0.052225
-0.10606
0.0327312
-0.000567009
0.0219057
-0.0058988
0.0184852
-0.052347
0.0383745
-0.0154856
-0.0357508
-0.000470171
-0.0511117
0.014144
-0.0222902
0.129224
0.00907796
0.0254698
0.0340691
-0.0686746
0.0596661
-0.0105767
0.0604813
-0.010481
0.044059
-0.115865
-0.0247209
0.0656405
-0.0450336
0.0494156
0.0493578
0.0287036
0.0123014
0.06618
0.072289
0.0676828
-0.0406324
0.0279249
0.00711547
-0.086661
0.0456656
-0.00659636
0.036624
0.0385377
0.0488886
0.0046612
0.0268821
-0.00125591
0.0145056
0.0784488
-0.0107369
-0.0423992
-0.0156803
0.0457132
0.00171098
-0.0879846
0.0405659
-0.00605372
0.0196125
0.0495972
-0.0927841
-0.0527404
0.0503881
0.0323288
0.00106151
-0.0310191
0.0360267
0.0208746
0.0443571
-0.0493217
0.0378146
0.0494477
-0.0353729
0.0474939
-0.0710684
0.0356286
0.0560622
0.0434322
0.045727
-0.00996563
-0.0433563
0.050556
0.0417709
-0.00883084
0.0110315
-0.0323139
0.0685188
0.0673459
0.0452119
0.0809538
0.0411659
0.0710517
0.0101837
-0.0220358
-0.0216592
0.0416246
-0.0537785
-0.0809292
0.0588366
-0.0224071
0.0713766
0.00738097
-0.0141249
-0.0228917
0.115286
-0.071757
0.012187
0.0864351
0.001811
-0.0103227
0.102367
-0.0368454
-0.0244253
0.0558044
0.0439879
0.0300967
-0.0403402
-0.0387601
-0.0404635
0.0397542
-0.00294531
-0.0212256
-0.0207568
-0.0166345
-0.021009
-0.0374276
-0.03751
-0.00361721
-0.00573765
-0.038788
0.0624886
0.110159
0.0506965
0.0212673
-0.0853123
0.00255118
-0.000155428
-0.0753953
-0.0955428
-0.0223513
-0.0501164
-0.0529974
-0.0148996
0.0733435
-0.0193791
-0.0473821
0.10677
-0.0702674
-0.0162454
0.0471249
0.0370579
0.0592256
0.00558779
-0.0490194
0.0259835
0.0362858
-0.0870886
-0.00426131
0.0721936
-0.0496035
0.0347234
-0.0890382
-0.0639922
-0.0158377
-0.0359541
-0.101583
0.0215535
0.0193622
-0.022079
0.0225455
-0.0575328
0.0463693
-0.0502859
-0.0217024
0.0216965
-0.00126943
0.0113158
-0.0338765
0.0411927
-0.0375383
0.105296
0.0319912
0.0200552
-0.0472466
0.0366165
0.0461247
-0.00208736
0.0085749
0.0407908
-0.134957
-0.0278815
0.0184137
-0.0188268
0.00056132
0.0261313
0.0203559
-0.031759
-0.0650755
-0.0779049
0.00777831
0.0638993
-0.0178132
-0.0636643
-0.0819742
0.0443972
0.0447993
0.0114379
0.0294573
-0.0274682
0.0444748
-0.0189719
-0.0979145
-0.0431128
-0.0101986
-0.0435325
0.0485695
-0.108606
0.0217796
0.0234608
-0.0819348
-0.0558976
0.0657713
0.0513205
0.0611311
-0.0211166
-0.0664461
0.0551406
0.0735565
-0.0644099
-0.0440848
-0.023123
-0.0553524
-0.0420219
-0.0729129
-0.021143
-0.0823581
-0.0403126
0.0179249
-0.0685486
-0.00955835
-0.0845635
-0.00669251
-0.00216459
-0.0355362
-0.0468234
-0.139652
0.0336468
0.0363057
0.00716423
-0.0409832
0.0669126
0.0255439
-0.00650574
-0.0317544
-0.00627408
-0.0987645
0.0102112
-0.0650826
0.0554822
0.0561941
-0.0381214
0.0104353
0.0544317
0.00123017
0.0229369
-0.0478962
-0.0895997
-0.0139278
0.00832404
-0.013561
-0.0383936
0.060808
-0.0561052
0.00809358
-0.00884011
0.021718
-0.0231539
0.0275578
0.0706481
-0.0287333
0.00930379
0.00504651
0.00987862
0.0588605
0.00459813
0.0403826
-0.0105629
0.000961521
-0.0629057
-0.0789553
0.0254149
0.10178
0.0684321
-0.0902825
-0.00975937
-0.0299172
-0.0472546
-0.061297
-0.0936049
-0.0166766
0.015501
0.0479131
0.037735
0.0606553
0.0346068
0.0225867
0.0107315
0.0426589
0.0449088
-0.00814851
0.154702
-0.0395583
-0.0308096
0.0221924
-0.00156765
-0.0101378
-0.0493047
-0.0474222
0.0834927
-0.0197702
0.077635
-0.0184138
0.104407
0.0346508
-0.0888426
-0.0110063
0.0989629
0.0160426
0.0679492
0.00900878
-0.0286876
-0.00351772
0.113132
-0.0261349
-0.110894
-0.122564
-0.0851163
0.0523171
-0.00146384
-0.194953
-0.0795638
0.0747167
-0.0500904
0.042568
-0.0115275
0.0298049
0.0808719
0.086723
-0.0884118
0.0224556
-0.0503406
0.103721
-0.0158201
-0.0199514
0.0804383
-0.00351266
0.0717613
-0.0680897
-0.0607885
0.0316643
0.0697834
-0.019087
0.0703074
-0.0629342
0.0213511
0.0358607
0.0532364
0.0545732
0.114645
0.00264852
0.0632614
0.0658138
-0.00429572
0.0442252
0.0444518
0.0247651
0.056991
0.0160095
0.00636086
-0.0306022
0.0309962
-0.0367604
0.0958136
-0.0615337
-0.0579213
-0.0600926
0.07386
-0.0485369
0.00182332
0.0572271
0.0304756
0.0374355
0.01752
-0.00646638
-0.00379343
0.0373434
0.0492877
-0.0690275
-0.0128528
0.0175891
-0.107041
-0.106753
0.00600086
-0.0431237
-0.011687
0.0255524
-0.0438412
0.0186714
-0.0132582
-0.0780875
-0.0681499
0.046827
0.0420029
-0.0625435
-0.056719
-0.0527165
0.00996079
-0.0791697
-0.00674277
0.0957499
-0.000944724
0.0100695
0.0775389
0.031729
-0.0933394
0.0649852
0.0189262
-0.0956143
0.0913334
-0.0105757
-0.0165669
0.0657084
-0.0882176
-0.0487802
-0.0901084
-0.0582142
-0.0315484
-0.0233737
0.0116126
0.00439013
0.0353493
0.031084
-0.0343914
0.0466012
0.0717013
0.00711936
0.0192897
-0.0287324
0.0339603
0.0565395
0.0358433
0.00476253
0.0714011
-0.0398745
-0.0859123
0.0555435
-0.0602602
-0.0959711
-0.0293068
0.0149788
0.0236572
0.0839415
0.0845843
0.0422002
0.0879353
-0.0345493
-0.0422194
0.0835051
-0.0513643
-0.137382
-0.00192444
-0.0844083
0.0620413
-0.0970581
0.00910463
-0.0500068
-0.00805304
0.0267182
0.024925
-0.003159
-0.0497914
0.0996721
0.0469764
0.0247946
0.00826094
-0.118094
0.0914015
-0.129146
0.00598519
-0.0852806
-0.0355906
-0.0340959
-0.0369585
-0.0431267
0.134435
-0.0872292
0.0697173
0.0330146
0.072674
0.0621695
0.0452472
0.050359
-0.0169106
0.0929155
0.0968967
0.0430788
0.0381251
-0.0842524
0.00989203
0.00328657
0.0897461
-0.0268497
0.0464169
0.0476408
0.0746842
0.0432547
-0.00369159
-0.00607286
-0.0177593
-0.00656541
-0.0281587
-0.0181488
0.0114057
0.034546
-0.00359236
-0.0710183
-0.0599269
0.0064703
0.0145349
-0.020434
0.107513
0.049351
-0.0662684
-0.0163418
0.00606542
-0.0402541
0.0539071
0.0117459
0.036225
0.0743203
-0.0222356
0.0146027
0.146412
-0.016949
0.0231062
-0.154189
0.0533715
-0.0144808
-0.0905602
-0.0224411
-0.0263644
0.114632
0.0170732
0.0229474
-0.0710522
0.0484944
0.024927
-0.0670461
-0.123337
-0.0346462
-0.00109433
-0.0592296
-0.0584674
-0.086925
-0.0197706
-0.00217967
0.0100092
-0.0271284
-0.0332501
-0.0865495
-0.0153012
0.0556368
0.0152299
0.0586445
-0.0664064
0.0748144
0.0287777
0.00533889
0.0250088
-0.0125226
0.0523568
-0.0207434
-0.0149749
0.0950891
0.0188133
0.00189861
-0.00616362
-0.00649125
-0.0338825
0.0098751
0.0445206
0.029161
0.0467737
-0.0446506
0.0118447
-0.0480855
0.0186569
-0.00483005
-0.016029
-0.018118
-0.0220989
-0.00897583
-0.000977937
0.016106
-0.0461638
-0.0201323
0.0114195
-0.0102587
-0.00275516
0.0324106
-0.054604
0.00352293
0.00930555
0.0540688
0.0869592
-0.0246785
0.0266407
0.0144042
-0.0243983
-0.0214135
0.0831646
-0.0233419
0.00538867
0.0789876
-0.0826536
0.0459564
0.0529392
0.0134222
0.0243407
0.0485334
-0.0163429
0.0136787
0.0149013
0.00891913
-0.0131388
0.0322399
0.0067131
-0.0448738
0.00401271
0.0547711
-0.0345597
0.0203691
-0.00854664
0.0165743
0.0243535
-0.00430218
-0.0403343
0.128667
-0.0390857
0.0351735
0.0113811
-0.102324
-0.0321588
0.0293954
-0.00521952
-0.00235021
0.0133118
-0.0455626
0.0713425
-0.0140605
-0.0359873
-0.0465125
0.0531651
-0.0958936
0.0656142
-0.0556096
-0.0218953
-0.0217823
0.0993024
-0.050012
0.00931568
0.0408131
0.0671178
-0.0549499
-0.0420481
0.0482498
0.00709394
-0.0884489
-0.00857971
-0.000632102
0.0701968
-0.0833082
-0.0998734
-0.151184
0.0726043
0.0526947
0.0669059
0.0445495
0.0132652
0.0224945
0.0298318
0.00515423
-0.0318446
0.0739712
-0.0319676
-0.0717984
-0.0191289
0.0430984
-0.0379624
-0.0731613
-0.0716991
-0.0745623
0.0133412
0.0452777
0.0149217
0.0307667
-0.0904468
-0.00243813
0.0713775
-0.0752197
-0.000409819
-0.0247848
-0.039715
0.00168583
0.0200276
-0.0433284
0.018069
-0.0524471
-0.0100988
-0.0396923
0.0564221
-0.0844135
0.00684571
0.0384241
-0.08825
-0.0491285
0.0947013
-0.0348105
0.0337403
0.0756802
-0.0630106
-0.0278745
-0.00636579
0.0314173
-0.0156128
0.0417601
0.00879483
0.0149927
-0.110564
0.0455959
0.0696482
0.0245677
-0.0220736
0.0789159
0.0545541
0.0369883
-0.0511011
-0.0329121
-0.00134344
0.0535054
-0.0422679
0.000187256
0.0788741
-0.0626131
-0.0622244
-0.0118873
0.0435236
0.0404685
-0.0144527
-0.0575808
-0.0381466
-0.105736
-0.0486685
0.0660305
-0.0168274
0.0254745
0.0593971
0.0236674
-0.0131918
0.0294146
0.0455109
0.00666718
0.0320099
0.03155
0.00484054
0.0209215
0.0760477
0.0145805
0.0605689
-0.0973378
0.0371745
0.0564753
0.0464185
0.000617194
-0.12869
-0.0184963
0.0551178
-0.0168334
0.0237307
0.0207226
0.0103406
-0.0502898
-0.0380434
-0.000470263
-0.070979
-0.0629496
-0.011187
0.0725617
0.0205147
-0.0175442
-0.0352733
-0.101957
-0.0192817
0.0666776
-0.0909351
-0.0223967
-0.0271034
-0.0283753
-0.0354267
-0.00978002
0.0223406
0.0479123
-0.0317205
-0.0722904
-0.116608
-0.0233304
0.00828171
-0.0798336
-0.0442208
0.0225041
0.0999814
0.0674104
0.0438947
-0.0333818
-0.0538469
-0.0833076
-0.0744685
-0.0299792
0.12794
-0.000781917
-0.0407399
-0.0116938
0.0553115
-0.00245222
0.0758591
0.0499791
0.127202
0.0748741
0.0379429
-0.0803775
-0.0497615
0.0100541
0.0235559
0.0330348
0.102427
-0.0783616
-0.0117172
-0.00983598
-0.0578261
0.0191667
-0.00386605
0.0502488
0.0288533
-0.0782011
-0.0128924
0.0298694
0.0946826
-0.0549791
0.0961121
-0.0125136
0.037656
-0.0528365
-0.0809149
-0.0290261
0.044669
0.00338444
-0.0482573
-0.0342046
0.0650158
-0.00522095
0.0567818
-0.0252036
-0.123418
0.0887545
-0.01212
-0.0640816
-0.0503342
0.0189712
-0.0829922
-0.00121929
-0.00986636
-0.0811373
0.0737721
0.119691
0.129525
0.171457
-0.0191372
-0.0611188
0.0166638
-0.00408091
0.0518825
0.0246367
-0.0557274
0.00191628
0.0843716
0.132317
0.0515843
-0.0108787
-0.0305751
-0.0249735
0.0624223
0.0360744
0.0375741
-0.0470792
0.0945251
0.00285958
0.0918946
-0.0907237
0.118244
0.0231763
0.00266801
0.0140815
0.000953476
0.0667098
0.0518709
0.042319
0.0343524
0.0967058
-0.0761797
-0.0626377
-0.0167825
-0.068546
-0.0413472
-0.117875
0.0731183
-0.0770938
-0.0736875
0.0104228
0.0465366
-0.0326399
0.01852
-0.0335004
0.114975
0.0431708
-0.0839164
-0.00218
-0.0195993
-0.088565
0.00985116
-0.060558
0.0827075
-0.0370578
0.0149116
-0.00811231
0.0290522
0.0619722
0.00390961
0.0291488
-0.0501709
0.0232197
-0.0539834
0.0517444
0.0643274
-0.00737678
-0.0545081
0.0205887
0.0218669
0.0399814
0.00933953
-0.00880973
0.0152518
-0.155209
-0.113447
0.0554138
0.00322697
0.0753618
0.0845568
-0.0507829
-0.0779554
0.0506173
0.0294989
0.0334718
0.00573353
-0.0264562
-0.062501
0.0431861
-0.00894211
-0.0571529
-0.0227527
0.0547228
0.0182928
0.0404676
-0.00589816
0.045456
0.0637331
0.0606996
0.0569974
0.00618937
-0.0255849
0.0263528
-0.0445792
-0.113882
-0.0963248
-0.000554869
-0.0130764
-0.074872
-0.11383
-0.0149789
-0.0489966
0.0398516
-0.0759839
-0.0508457
0.0139824
-0.0163117
0.0787278
-0.132789
-0.0452799
-0.144114
0.0821985
-0.0589255
-0.00159355
0.0724829
0.141616
-0.0025982
-0.00416301
0.0322248
0.0410535
-0.0266551
0.0694284
0.056654
0.0459713
0.0614057
-0.0630179
0.0456919
-0.0707656
0.0729829
0.0407522
0.0159627
-0.0456327
-0.00146998
0.0233661
-0.0220787
-0.0345814
-0.0407239
-0.038376
0.0168243
-0.0622136
-0.0562366
-0.0491598
0.0477696
0.0329007
-0.0116824
-0.0246067
-0.00593116
-0.0784004
0.0107252
-0.0738202
-0.0444249
-0.0434058
-0.113014
-0.00346576
-0.0231006
-0.0671814
0.0645855
0.018519
-0.00198139
0.0608947
0.0541005
0.0366161
-0.0017704
0.0793576
-0.0106065
-0.0972789
-0.104781
0.0690075
-0.0289692
0.114008
-0.00843608
0.0809801
0.0043418
-0.00964438
-0.10315
0.0268973
0.0119169
0.0794009
-0.0235522
-0.0360658
-0.0777707
0.0339569
-0.0548498
0.0133275
0.00215479
0.0149806
0.045994
-0.00695274
0.0279696
0.0291388
0.0643496
-0.0842908
-0.0438488
-0.0636953
-0.0473142
0.0621796
0.0412871
0.103934
0.033809
-0.0528305
0.0776966
0.0995662
0.0315006
-0.026674
-0.102958
0.00581177
-0.0241968
-0.0482222
-0.0680207
-0.00481329
0.0121411
-0.045541
0.0367407
0.0298024
0.0622182
0.0298378
0.00437192
0.0279101
-0.0807752
-0.0235036
-0.0574076
-0.0180935
0.0579098
0.0971668
-0.0572162
0.0413437
-0.017307
0.027436
-0.00125957
-0.0477057
0.0635496
0.0281295
0.107757
-0.0570009
0.0345682
0.071849
-0.0375157
-0.0595079
0.0317527
0.00830359
-0.0543084
0.00167902
-0.170262
0.0483163
-0.0254863
-0.00343622
0.0569411
0.0312303
0.012067
-0.0644085
0.0293514
-0.0649019
-0.0389663
-0.0946693
0.0373472
0.02627
-0.0252484
0.0430657
-0.0206026
-0.0710472
0.0258594
-0.0123263
0.00268183
-0.0305028
-0.0487353
-0.0466247
0.068189
0.0678063
-0.0679856
-0.005419
0.0110732
-0.0914226
0.0410668
-0.0205145
0.0984362
0.00623807
-0.0843339
-0.0434224
0.058163
-0.0553235
0.0180468
-0.0400749
0.000884995
-0.0467779
-0.0374718
0.105261
-0.0079991
0.0650825
0.0283356
-0.00905497
-0.0589232
-0.0260361
-0.0336424
0.0289998
0.0203766
0.020639
0.0762109
0.0290602
-0.0763669
0.0652434
-0.0270796
0.0424126
-0.00728818
0.0918917
-0.01797
0.0853037
-0.112104
-0.0472064
-0.0292227
0.0189722
0.00889031
-0.00539724
0.0479028
0.0300918
0.0159751
0.000740108
-0.00266495
0.0526819
-0.0237178
0.0494305
-0.0580861
0.0806975
0.0260665
-0.0254293
-0.146551
0.0421148
0.0328569
-0.04687
0.0389198
-0.0133297
0.0556145
-0.0320844
0.00072145
0.00867454
-0.0260919
-0.0195126
-0.0364857
0.00250735
-0.0047341
0.0557776
0.103893
0.0125212
-0.0592557
-0.0368203
0.0448131
0.00712772
0.0411126
0.0101586
-0.0593532
-0.013946
-0.00566507
-0.0362675
-0.0205
-0.000402618
0.0895742
0.0778438
0.00824232
-0.0146415
0.0645746
0.0515641
-0.0708765
-0.0346914
0.0368238
-0.0262329
-0.0106607
-0.0396783
0.028037
0.0684144
0.0369306
0.100788
0.0622208
-0.034862
-0.0441702
-0.0407939
0.0771144
0.0384254
-0.047897
0.00796155
-0.0898205
0.0312569
-0.0507151
0.0190115
0.0625395
-0.00325004
-0.0132528
-0.0851964
-0.0240649
-0.018641
-0.11797
-0.0707074
0.0456818
-0.0708947
-0.103921
-0.000307177
-0.0831916
-0.0534087
-0.0090831
-0.0263642
0.0214352
0.0129169
0.0365737
0.0360012
0.021114
0.109559
-0.0636156
-0.00940813
0.0468783
0.0179562
-0.0151729
-0.0273323
-0.0399502
0.0283049
-0.0648625
-0.10112
0.0523319
-0.0107063
-0.0595572
-0.00572946
0.0515237
0.00853455
-0.0480698
-0.087029
0.047116
-0.0200119
-0.0148494
0.00315881
0.0656392
0.0193146
0.046271
0.00393221
-0.0584686
-0.0465315
0.00708228
-0.0770348
0.0854273
-0.080681
-0.0333827
-0.0631544
-0.109669
0.0276374
-0.00935715
0.0185487
0.0319586
-0.0158243
0.0541864
-0.0391029
0.0179988
0.0151319
0.0901879
0.072572
-0.0313148
0.0392347
0.00302207
0.0843921
-0.117914
-0.00149897
-0.0933077
0.0433954
0.00162376
-0.0325183
-0.0567989
0.0274069
-0.0688057
-0.0703613
-0.0181772
-0.0215529
0.00441476
0.0351993
0.0471655
0.0566174
-0.0414534
0.0388612
0.0434309
0.0017926
-0.0457786
-0.0117992
-0.000674952
0.0577027
-0.0551196
0.0183004
-0.00414295
0.0392857
-0.00132022
0.0578966
-0.0436194
-0.0526419
-0.0204763
-0.1349
-0.0652544
0.0274623
0.0429737
0.162726
0.0013843
-0.0601262
0.026389
-0.0617816
-0.000192417
-0.0160305
0.153102
-0.00863485
0.0293884
-0.000328282
-0.116651
0.0909531
-0.0433826
0.00818991
-0.0354473
-5.13979e-05
0.0599873
0.036133
-0.0256236
-0.0658065
0.00689007
0.10649
-0.0161783
0.0667452
0.0570975
-0.0913851
-0.007826
-0.0985128
0.141957
-0.0583509
-0.0113599
-0.117546
0.00473135
0.0192773
0.0443519
0.123768
0.0887063
-0.0516262
0.12014
-0.0079112
0.197738
-0.0257366
-0.0182757
0.0463693
0.124673
0.0234939
0.0581747
-0.00932156
-0.0235266
-0.0142486
0.015863
-0.0680763
-0.0226069
-0.0736147
0.0558486
0.0971963
-0.111778
0.03524
0.0297628
0.0703987
-0.0206211
0.148706
0.0373488
0.0551718
-0.0394939
0.0440273
-0.00157132
0.0354841
0.0187778
-0.118131
-0.0700453
0.00115239
0.0722743
-0.0338978
-0.0315419
-0.00385574
-0.0827228
-0.0262439
-0.0383664
-0.0182604
0.115595
0.0865029
-0.0357216
0.174118
-0.00486173
0.0800184
0.0337283
-0.0490602
-0.00402987
0.0451353
-0.0623704
0.0488612
-0.04984
0.100278
0.0335027
-0.00276364
0.0371377
0.00986369
0.0461792
-0.00714068
0.0684775
0.0711877
0.0115635
0.0202354
-0.0685653
-0.0937866
-0.0926642
0.0631525
-0.0634158
-0.0516763
-0.031555
-0.0878565
0.0449453
0.012122
0.0670586
0.00528634
0.103178
0.0552491
-0.0318261
0.0947196
-0.00221245
0.0968141
-0.0170243
0.0489098
-0.0664151
-0.0067907
-0.0181236
-0.0201247
-0.0946065
-0.000688192
0.0517457
0.0614586
0.0446009
0.0409104
0.036286
0.0309119
-0.0382492
0.0628348
0.00838102
-0.0528794
-0.0625231
-0.0937414
-0.0332338
-0.0677182
-0.0632349
-0.0393898
-0.0492928
-0.0513885
-0.0127558
-0.0271941
0.0501296
-0.0148343
-0.0157869
0.0544023
0.00294218
-0.070536
0.00845445
-0.0350251
-0.0317716
0.0890204
0.061999
0.0493775
0.0856129
0.0366009
-0.118973
0.00500825
0.047855
0.0291239
0.033275
0.0949293
0.0257922
0.0797153
-0.02828
0.0333697
0.0600705
0.0765141
-0.000171067
-0.0936419
-0.0823905
-0.00680007
0.000979691
0.0383541
-0.118733
-0.057004
-0.0915921
0.021319
0.0352791
-0.0638628
0.0279233
0.0974153
0.00575404
0.0106704
-0.0971937
-0.00919374
0.131423
-0.0422362
-0.0155692
0.0209364
0.000857002
0.102683
-0.00501265
0.00903333
-0.00886802
0.0156169
0.0908159
0.0708405
0.0214063
0.118871
0.0641732
-0.0282465
0.0361951
0.0205893
0.0150204
-0.0829744
-0.0221708
-0.0751436
-0.0130649
0.00159133
0.11928
-0.0847918
-0.0470277
0.0338087
0.136521
0.00974311
-0.0541175
0.0311834
-0.0340919
0.058992
0.0113186
0.0651061
0.050278
0.0814267
0.0013337
-0.0587719
-0.0235234
-0.00942273
-0.0177538
0.0197921
-0.0239218
0.0301866
0.0248325
0.0494049
-0.000669093
0.0292358
-0.0520587
0.0505821
0.00614755
0.0116702
-0.0165565
-0.0801108
-0.0395509
-0.0677456
-0.0820184
-0.00543731
-0.0621126
-0.00518932
0.048445
-0.00778937
-0.0367744
0.0537006
0.0296848
-0.0237003
0.0289163
0.0464477
0.0826886
-0.0461672
0.0220378
-0.0980506
-0.0459002
-0.0216325
0.0375564
0.0204074
-0.056063
0.0227005
-0.0847987
0.00319904
0.0508012
-0.0559253
0.00881877
0.0590669
0.105722
0.00675187
-0.00766994
0.0452302
-0.0241443
0.00642101
0.0228831
-0.0414926
-0.0744185
0.0124102
-0.00716015
0.061992
-0.0345763
0.00937774
-0.00843481
-0.034413
-0.085442
-0.0526055
-0.0144684
0.021037
-0.0709772
-0.0491017
-0.0677474
0.0744708
0.0320562
-0.0328727
0.0676197
0.149576
-0.00507351
-0.00727146
0.0346559
-0.0480365
0.0544699
-0.00818745
-0.0675846
0.0421589
-0.0155375
0.0482076
-0.0664258
-0.0127647
-0.076093
-0.0530275
-0.0136954
-0.0709568
0.00283698
0.0142619
-0.0207694
-0.0436625
-0.00263218
-0.0679563
-0.0137351
0.0736207
0.0637849
-0.0242931
-0.0701584
0.00726239
-0.0787934
0.0174421
0.0277033
0.0801549
0.109288
0.0523402
0.0222942
-0.00801503
-0.0522394
0.0360088
-0.0909483
-0.027205
-0.0213281
-0.0388476
-0.00329467
-0.00726325
0.04334
0.0366084
0.0569889
0.111739
-0.00896263
0.0334848
0.105189
0.10732
-0.0142313
0.0448137
0.0166071
0.0417606
0.084469
-0.0218184
0.13291
0.00832306
-0.0148058
0.066125
0.0343811
0.104739
-0.00484491
0.0685934
-0.0606544
-0.0490255
-0.0559445
0.0596784
-0.0900979
-0.044904
-0.0420097
-0.017434
-0.0158331
0.0721243
0.00757977
-0.0750755
0.0513121
0.0120956
0.0253447
0.0797977
-0.0188345
-0.0134461
-0.0001573
0.0838975
0.0501696
-0.00111296
0.0658939
-0.0431571
0.0260217
0.0176998
-0.0263838
-0.0547955
0.000749098
0.0496214
0.0339761
0.0634366
-0.0143088
0.0688125
0.0253339
-0.0154762
-0.0540359
-0.0638772
-0.00463463
0.0973777
0.107646
0.0206413
-0.0437239
0.0167765
0.0358025
-0.0775222
0.0500055
-0.00349438
-0.0308816
0.0606918
-0.0229403
0.0455939
0.010297
0.00190904
-0.0752221
-0.0750183
-0.0523033
-0.033889
0.0354286
-0.103256
0.00382202
-0.0209075
-0.0750314
-0.0300181
-0.0313119
-0.0111279
0.0454827
0.0862369
0.10363
-0.0323607
0.0318731
-0.0621611
0.0578821
0.0558264
-0.0780811
-0.0425361
-0.0397957
0.0714989
-0.00749241
0.0308142
0.0123735
0.0145425
0.103251
0.00173504
-0.0251772
0.0133754
0.0716846
0.0208907
-0.03987
-0.0520223
0.0497632
-0.0360824
0.0703567
0.00621292
0.00730917
-0.0116742
-0.118485
0.00575692
-0.00414916
0.0488754
-0.0253474
0.12905
-0.0587176
0.0176058
-0.0984158
0.00902328
0.0427842
-0.014377
0.111571
-0.0343502
0.00317947
-0.0334463
-0.0410816
0.0886815
-0.0328245
0.0265381
-0.0623196
-0.0636461
0.00169156
-0.0919069
-0.0163331
-0.000553227
0.0256541
0.0254774
0.0028743
0.0369264
-0.0202858
0.0761329
0.152462
0.0701937
-0.0647595
-0.0258374
-0.0716419
0.0744434
-0.0310898
0.137035
0.080147
0.00058035
0.00879783
0.0424978
-0.116719
0.040256
0.0171921
-0.0930453
0.059402
0.0173229
-0.067155
-0.0260863
-0.0341769
0.00236392
0.00747141
-0.104675
-0.0752344
-0.0684705
0.0142048
-0.0897655
-0.0165333
0.0127705
-0.0434543
0.0915243
-0.159411
-0.0798127
-0.0255661
0.0486276
0.0263944
0.00710874
0.0152285
0.0177101
0.0410591
-0.0157459
-0.0448697
0.0466117
0.0386989
0.0288045
0.000246769
0.0360102
-0.0857045
0.124641
-0.0500624
0.00404031
-0.00562425
0.0591615
0.0950535
-0.0340877
0.0568863
0.0378483
0.0647155
0.0723739
0.087118
0.051453
0.0364078
0.00250935
-0.127993
-0.0632811
0.0385635
-0.0804385
-0.0435582
-0.0556655
0.00873295
0.122641
0.157619
0.107363
0.0473399
-0.119881
-0.0390014
-0.101447
0.0201432
0.0241423
0.0918492
0.0200028
0.12207
0.194626
0.0483361
0.109678
0.0314094
0.046174
0.0961857
-0.870093
